Canvas Ivry sur Seine,18.5,1162.5,1.0,94200,"2 allée Katherine Johnson, 94200 Ivry-sur-Seine, France"
Canvas Ivry sur Seine,19.5,1230.5,1.0,94200,"2 allée Katherine Johnson, 94200 Ivry-sur-Seine, France"
Canvas Ivry sur Seine,21.0,1337.5,1.0,94200,"2 allée Katherine Johnson, 94200 Ivry-sur-Seine, France"
Canvas Ivry sur Seine,24.5,1356.5,1.0,94200,"2 allée Katherine Johnson, 94200 Ivry-sur-Seine, France"
Canvas Ivry sur Seine,17.0,1013.5,1.0,94200,"2 allée Katherine Johnson, 94200 Ivry-sur-Seine, France"
Canvas Ivry sur Seine,25.0,1437.5,1.0,94200,"2 allée Katherine Johnson, 94200 Ivry-sur-Seine, France"
Résidence Paris Pasteur,12.0,1025.0,1.0,75015,"85 Boulevard Pasteur, 75015 Paris, France"
Résidence Paris Pasteur,32.0,1375.0,1.0,75015,"85 Boulevard Pasteur, 75015 Paris, France"
Canvas Puteaux La Défense,19.5,1254.5,1.0,92800,"60 Avenue du Général de Gaulle, Puteaux, France"
Canvas Puteaux La Défense,22.0,1271.5,1.0,92800,"60 Avenue du Général de Gaulle, Puteaux, France"
Canvas Puteaux La Défense,25.0,1361.0,1.0,92800,"60 Avenue du Général de Gaulle, Puteaux, France"
Canvas Puteaux La Défense,18.5,1198.0,1.0,92800,"60 Avenue du Général de Gaulle, Puteaux, France"
Canvas Puteaux La Défense,26.0,1662.5,1.0,92800,"60 Avenue du Général de Gaulle, Puteaux, France"
Canvas Puteaux La Défense,33.0,1601.0,1.0,92800,"60 Avenue du Général de Gaulle, Puteaux, France"
Canvas Puteaux La Défense,35.0,2047.5,1.0,92800,"60 Avenue du Général de Gaulle, Puteaux, France"
Canvas Puteaux La Défense,28.5,2035.0,1.0,92800,"60 Avenue du Général de Gaulle, Puteaux, France"
Canvas Puteaux La Défense,33.5,2021.5,1.0,92800,"60 Avenue du Général de Gaulle, Puteaux, France"
Canvas Puteaux La Défense,33.0,1970.5,1.0,92800,"60 Avenue du Général de Gaulle, Puteaux, France"
Canvas Puteaux La Défense,53.0,1958.5,1.0,92800,"60 Avenue du Général de Gaulle, Puteaux, France"
Logement en colocation pour 4 personnes de 105m²,15.0,895.0,1.0,75018,"69 Rue de la Chapelle, 75018 Paris, France"
Logement en colocation pour 4 personnes de 105m²,15.0,895.0,1.0,75018,"69 Rue de la Chapelle, 75018 Paris, France"
Logement en colocation pour 4 personnes de 105m²,15.0,895.0,1.0,75018,"69 Rue de la Chapelle, 75018 Paris, France"
Logement en colocation pour 4 personnes de 105m²,15.0,895.0,1.0,75018,"69 Rue de la Chapelle, 75018 Paris, France"
Studio de 28m²,28.0,1463.09,1.0,75018,"9 Rue Eva Kotchever, 75018 Paris, France"
Logement entier pour 2 personnes de 95m²,95.0,1853.68,1.0,78100,"5 Rue du Maréchal Gallieni, 78100 Saint-Germain-en-Laye, France"
Logement en colocation pour 4 personnes de 74m²,12.0,895.0,1.0,75018,"4 Rue des Cheminots, 75018 Paris, France"
Logement en colocation pour 4 personnes de 74m²,12.0,895.0,1.0,75018,"4 Rue des Cheminots, 75018 Paris, France"
Logement en colocation pour 4 personnes de 74m²,12.0,895.0,1.0,75018,"4 Rue des Cheminots, 75018 Paris, France"
Logement en colocation pour 4 personnes de 74m²,10.0,895.0,1.0,75018,"4 Rue des Cheminots, 75018 Paris, France"
Studio de 14m²,14.0,1088.69,1.0,75010,"265 Rue du Faubourg Saint-Martin, 75010 Paris, France"
Logement entier pour 3 personnes de 31m²,31.0,1228.04,1.0,75010,"77 Bd de la Villette, 75010 Paris, France"
Studio de 15m²,15.0,1057.41,1.0,75010,"265 Rue du Faubourg Saint-Martin, 75010 Paris, France"
Studio de 14m²,14.0,1088.69,1.0,75010,"43 Bd de la Villette, 75010 Paris, France"
Twenty Campus Ivry Stalingrad,18.5,880.0,1.0,94200,"132 Boulevard de Stalingrad, 94200 Ivry-sur-Seine, France"
Twenty Campus Ivry Stalingrad,19.5,885.0,1.0,94200,"132 Boulevard de Stalingrad, 94200 Ivry-sur-Seine, France"
Twenty Campus Ivry Stalingrad,24.0,910.0,1.0,94200,"132 Boulevard de Stalingrad, 94200 Ivry-sur-Seine, France"
Twenty Campus Ivry Stalingrad,20.0,925.0,1.0,94200,"132 Boulevard de Stalingrad, 94200 Ivry-sur-Seine, France"
Logement chez l'habitant pour 5 personnes de 90m²,90.0,1853.68,1.0,78955,"31 All. de l'Ermitage, 78955 Carrières-sous-Poissy, France"
Studio de 11m²,11.0,1025.46,1.0,75008,"10 Rue Lord Byron, 75008 Paris, France"
Logement en colocation pour 2 personnes de 45m²,15.0,995.0,1.0,75020,"1 Av. de la Prte de Vincennes, 75020 Paris, France"
Logement en colocation pour 2 personnes de 45m²,10.0,995.0,1.0,75020,"1 Av. de la Prte de Vincennes, 75020 Paris, France"
Logement entier pour 3 personnes de 52m²,52.0,1347.09,1.0,75014,"28 Avenue René Coty, 75014 Paris, France"
Studio de 16m²,16.0,1237.45,1.0,75018,"39 Rue Doudeauville, 75018 Paris, France"
Logement entier pour 2 personnes de 35m²,35.0,1440.73,1.0,75011,"123 Rue de la Roquette, 75011 Paris, France"
Cardinal Campus The Place,35.0,1280.0,1.0,92150,"19-21 Rue Emile Duclaux, Suresnes, France"
Cardinal Campus The Place,13.5,870.0,1.0,92150,"19-21 Rue Emile Duclaux, Suresnes, France"
Cardinal Campus The Place,21.5,905.0,1.0,92150,"19-21 Rue Emile Duclaux, Suresnes, France"
Cardinal Campus The Place,20.5,912.5,1.0,92150,"19-21 Rue Emile Duclaux, Suresnes, France"
Twenty Campus Pantin,17.5,850.0,1.0,93500,"192 Avenue Jean Jaurès, Pantin, France"
Twenty Campus Pantin,22.0,899.0,1.0,93500,"192 Avenue Jean Jaurès, Pantin, France"
Twenty Campus Pantin,19.0,870.0,1.0,93500,"192 Avenue Jean Jaurès, Pantin, France"
Twenty Campus Pantin,28.0,970.0,1.0,93500,"192 Avenue Jean Jaurès, Pantin, France"
Twenty Campus Pantin,32.0,1050.0,1.0,93500,"192 Avenue Jean Jaurès, Pantin, France"
Twenty Campus Pantin,47.0,1250.0,1.0,93500,"192 Avenue Jean Jaurès, Pantin, France"
UXCO Streamline,18.0,1042.5,1.0,92100,"73 Rue de Sevres, 92100 Boulogne-Billancourt, France"
UXCO Streamline,27.0,1127.5,1.0,92100,"73 Rue de Sevres, 92100 Boulogne-Billancourt, France"
UXCO Streamline,52.0,2060.0,1.0,92100,"73 Rue de Sevres, 92100 Boulogne-Billancourt, France"
Résidence Pythagore Grande Arche,21.0,1095.0,1.0,92400,"54 Avenue Puvis de Chavannes, 92400 Courbevoie, France"
Résidence Pythagore Grande Arche,19.5,1120.0,1.0,92400,"54 Avenue Puvis de Chavannes, 92400 Courbevoie, France"
Résidence Pythagore Grande Arche,19.5,1090.0,1.0,92400,"54 Avenue Puvis de Chavannes, 92400 Courbevoie, France"
Résidence Pythagore Grande Arche,19.5,1140.0,1.0,92400,"54 Avenue Puvis de Chavannes, 92400 Courbevoie, France"
Studio de 34m²,34.0,1420.51,1.0,75014,"19 Rue de la Gaité, 75014 Paris, France"
Logement en colocation pour 11 personnes de 280m²,13.0,1070.0,1.0,94200,"Rue Gaston Picard, 94200 Ivry-sur-Seine, France"
Logement en colocation pour 11 personnes de 280m²,13.0,1070.0,1.0,94200,"Rue Gaston Picard, 94200 Ivry-sur-Seine, France"
Logement en colocation pour 11 personnes de 280m²,13.0,1070.0,1.0,94200,"Rue Gaston Picard, 94200 Ivry-sur-Seine, France"
Logement en colocation pour 11 personnes de 280m²,13.0,1100.0,1.0,94200,"Rue Gaston Picard, 94200 Ivry-sur-Seine, France"
Logement en colocation pour 11 personnes de 280m²,12.0,1070.0,1.0,94200,"Rue Gaston Picard, 94200 Ivry-sur-Seine, France"
Logement en colocation pour 11 personnes de 280m²,13.0,1070.0,1.0,94200,"Rue Gaston Picard, 94200 Ivry-sur-Seine, France"
Logement en colocation pour 11 personnes de 280m²,10.0,1050.0,1.0,94200,"Rue Gaston Picard, 94200 Ivry-sur-Seine, France"
Logement en colocation pour 11 personnes de 280m²,11.0,1050.0,1.0,94200,"Rue Gaston Picard, 94200 Ivry-sur-Seine, France"
Logement en colocation pour 11 personnes de 280m²,9.0,950.0,1.0,94200,"Rue Gaston Picard, 94200 Ivry-sur-Seine, France"
Logement en colocation pour 11 personnes de 280m²,10.0,990.0,1.0,94200,"Rue Gaston Picard, 94200 Ivry-sur-Seine, France"
Logement en colocation pour 11 personnes de 280m²,14.0,1070.0,1.0,94200,"Rue Gaston Picard, 94200 Ivry-sur-Seine, France"
Logement en colocation pour 4 personnes de 89m²,21.0,1200.0,1.0,75010,"3 Rue de la Fidélité, 75010 Paris, France"
Logement en colocation pour 4 personnes de 89m²,12.0,1000.0,1.0,75010,"3 Rue de la Fidélité, 75010 Paris, France"
Logement en colocation pour 4 personnes de 89m²,11.0,1080.0,1.0,75010,"3 Rue de la Fidélité, 75010 Paris, France"
Logement en colocation pour 4 personnes de 89m²,11.0,1030.0,1.0,75010,"3 Rue de la Fidélité, 75010 Paris, France"
Logement entier pour 2 personnes de 39m²,39.0,1760.2,1.0,75015,"38 Rue Duranton, 75015 Paris, France"
Logement en colocation pour 4 personnes de 75m²,10.0,890.0,1.0,75019,"27 Rue Rebeval, Paris 19e Arrondissement, Île-de-France, France"
Logement en colocation pour 4 personnes de 75m²,11.0,890.0,1.0,75019,"27 Rue Rebeval, Paris 19e Arrondissement, Île-de-France, France"
Logement en colocation pour 4 personnes de 75m²,15.0,890.0,1.0,75019,"27 Rue Rebeval, Paris 19e Arrondissement, Île-de-France, France"
Logement en colocation pour 4 personnes de 75m²,10.0,890.0,1.0,75019,"27 Rue Rebeval, Paris 19e Arrondissement, Île-de-France, France"
Logement entier pour 4 personnes de 65m²,65.0,1569.79,1.0,75005,"18 Rue Henri Barbusse, 75005 Paris, France"
Studio de 14m²,14.0,1085.37,1.0,75005,"Rue Claude Bernard, 75005 Paris, France"
Logement entier pour 2 personnes de 40m²,40.0,1778.28,1.0,75015,"21 Rue François Bonvin, 75015 Paris, France"
Logement entier pour 4 personnes de 58m²,58.0,1668.58,1.0,75007,"15 Bd des Invalides, 75007 Paris, France"
Logement entier pour 2 personnes de 22m²,22.0,981.69,1.0,75007,"Rue de l'Université, 75007 Paris, France"
Logement entier pour 3 personnes de 40m²,40.0,1445.97,1.0,75018,"18 Rue Simart, 75018 Paris, France"
Logement entier pour 1 personne de 38m²,38.0,1328.32,1.0,75020,"50 Rue des Rondeaux, Paris 20e Arrondissement, Île-de-France, France"
Logement en colocation pour 2 personnes de 56m²,11.0,1000.0,1.0,75018,"27 Rue Championnet, 75018 Paris, France"
Logement en colocation pour 2 personnes de 56m²,14.0,1100.0,1.0,75018,"27 Rue Championnet, 75018 Paris, France"
Studio de 37m²,37.0,1312.04,1.0,75005,"75 Rue Monge, 75005 Paris, France"
Logement en colocation pour 1 personne de 53m²,17.0,888.0,1.0,75020,"351 Rue des Pyrénées, 75020 Paris, France"
Logement en colocation pour 1 personne de 53m²,17.0,888.0,1.0,75020,"351 Rue des Pyrénées, 75020 Paris, France"
Logement entier pour 1 personne de 27m²,27.0,1393.72,1.0,75017,"1 Rue d'Armenonville, Paris 17e Arrondissement, Île-de-France, France"
Logement entier pour 2 personnes de 40m²,40.0,1422.22,1.0,75006,"24 Rue du Cherche-Midi, 75006 Paris, France"
Logement en colocation pour 2 personnes de 45m²,45.0,1467.46,1.0,75018,"20 Rue Joseph Dijon, 75018 Paris, France"
Logement entier pour 2 personnes de 44m²,44.0,1429.03,1.0,75020,"39 Rue Saint-Fargeau, 75020 Paris, France"
Studio de 19m²,19.0,977.95,1.0,75003,"10 Rue de Picardie, 75003 Paris, France"
Logement en colocation pour 4 personnes de 90m²,15.0,1180.0,1.0,75011,"21 Rue Daval, 75011 Paris, France"
Logement en colocation pour 4 personnes de 90m²,14.0,1100.0,1.0,75011,"21 Rue Daval, 75011 Paris, France"
Logement en colocation pour 4 personnes de 90m²,14.0,1180.0,1.0,75011,"21 Rue Daval, 75011 Paris, France"
Logement en colocation pour 4 personnes de 90m²,19.0,1250.0,1.0,75011,"21 Rue Daval, 75011 Paris, France"
Logement entier pour 6 personnes de 60m²,60.0,1590.49,1.0,75018,"69 Rue de la Chapelle, 75018 Paris, France"
Logement entier pour 3 personnes de 29m²,29.0,1315.12,1.0,75018,"6 Rue Pierre l'Ermite, 75018 Paris, France"
Logement en colocation pour 4 personnes de 80m²,12.838431216931216,995.0,1.0,75017,rue Roger Bacon 75017 Paris FRANCE
Logement en colocation pour 4 personnes de 80m²,14.632637566137568,1045.0,1.0,75017,rue Roger Bacon 75017 Paris FRANCE
Studio de 32m²,32.0,1411.33,1.0,75014,"135 Rue Didot, 75014 Paris, France"
Logement en colocation pour 3 personnes de 50m²,17.085119047619045,1110.0,1.0,75009,cité Condorcet 75009 Paris FRANCE
Logement en colocation pour 3 personnes de 50m²,15.368317460317458,1125.0,1.0,75009,cité Condorcet 75009 Paris FRANCE
Logement en colocation pour 3 personnes de 50m²,15.417313732563734,1065.0,1.0,75009,cité Condorcet 75009 Paris FRANCE
Logement entier pour 5 personnes de 55m²,55.0,1546.89,1.0,75017,"47 Bd Bessières, 75017 Paris, France"
Logement en colocation pour 4 personnes de 80m²,13.8984126984127,1040.0,1.0,75015,rue de Cronstadt 75015 Paris FRANCE
Logement en colocation pour 4 personnes de 80m²,15.915416666666669,995.0,1.0,75015,rue de Cronstadt 75015 Paris FRANCE
Logement en colocation pour 4 personnes de 80m²,10.846547619047612,945.0,1.0,75015,rue de Cronstadt 75015 Paris FRANCE
Logement en colocation pour 2 personnes de 17m²,17.0,1392.64,1.0,75018,"26 Rue Marcadet, 75018 Paris, France"
Logement en colocation pour 5 personnes de 110m²,14.410567053317058,1085.0,1.0,75017,rue de Saussure 75017 Paris FRANCE
Logement en colocation pour 5 personnes de 110m²,12.10098677248677,1000.0,1.0,75017,rue de Saussure 75017 Paris FRANCE
Logement en colocation pour 5 personnes de 110m²,13.865421791171793,1075.0,1.0,75017,rue de Saussure 75017 Paris FRANCE
Logement en colocation pour 4 personnes de 90m²,15.69520634920635,1045.0,1.0,75016,boulevard Murat 75016 Paris FRANCE
Logement en colocation pour 4 personnes de 90m²,15.12172181522182,1080.0,1.0,75016,boulevard Murat 75016 Paris FRANCE
Logement en colocation pour 5 personnes de 110m²,11.0925582010582,1085.0,1.0,75015,rue des Morillons 75015 Paris FRANCE
Logement en colocation pour 5 personnes de 110m²,12.341488095238095,1055.0,1.0,75015,rue des Morillons 75015 Paris FRANCE
Logement en colocation pour 5 personnes de 110m²,12.226392857142857,1050.0,1.0,75015,rue des Morillons 75015 Paris FRANCE
Logement en colocation pour 5 personnes de 110m²,12.917190476190479,1120.0,1.0,75015,rue des Morillons 75015 Paris FRANCE
Logement en colocation pour 7 personnes de 130m²,12.851535714285715,1080.0,1.0,75010,rue du Buisson Saint-Louis 75010 Paris FRANCE
Logement en colocation pour 7 personnes de 130m²,12.61508225108225,1070.0,1.0,75010,rue du Buisson Saint-Louis 75010 Paris FRANCE
Logement en colocation pour 7 personnes de 130m²,12.61508225108225,1070.0,1.0,75010,rue du Buisson Saint-Louis 75010 Paris FRANCE
Logement en colocation pour 7 personnes de 130m²,12.61508225108225,1070.0,1.0,75010,rue du Buisson Saint-Louis 75010 Paris FRANCE
Logement en colocation pour 5 personnes de 100m²,15.359883919321428,960.0,1.0,75019,rue Riquet 75019 Paris FRANCE
Logement en colocation pour 5 personnes de 100m²,16.45810185185185,940.0,1.0,75019,rue Riquet 75019 Paris FRANCE
Studio de 39m²,39.0,1296.26,1.0,75008,"38 Av. Marceau, 75008 Paris, France"
Studio de 27m²,27.0,1017.62,1.0,75012,"8 Rue de Capri, 75012 Paris, France"
Logement en colocation pour 4 personnes de 70m²,11.064277777777779,1000.0,1.0,75020,rue de Bagnolet 75020 Paris FRANCE
Logement en colocation pour 4 personnes de 70m²,16.06625,940.0,1.0,75020,rue de Bagnolet 75020 Paris FRANCE
Logement en colocation pour 4 personnes de 70m²,15.25020634920635,1120.0,1.0,75020,rue de Bagnolet 75020 Paris FRANCE
Logement en colocation pour 4 personnes de 70m²,12.758416666666665,1060.0,1.0,75010,rue de l'Aqueduc 75010 Paris FRANCE
Logement en colocation pour 4 personnes de 70m²,12.851535714285715,1080.0,1.0,75010,rue de l'Aqueduc 75010 Paris FRANCE
Logement en colocation pour 4 personnes de 70m²,15.308031746031745,1040.0,1.0,75010,rue de l'Aqueduc 75010 Paris FRANCE
Logement en colocation pour 1 personne de 23m²,23.0,1191.51,1.0,75011,6 Rue du Marché Popincourt 75011 Paris FR
Logement en colocation pour 4 personnes de 90m²,12.896523809523808,1135.0,1.0,75015,rue Dulac 75015 Paris FRANCE
Logement en colocation pour 4 personnes de 90m²,11.967313492063493,1060.0,1.0,75015,rue Dulac 75015 Paris FRANCE
Studio de 25m²,25.0,1280.14,1.0,75011,"25 Rue du Chemin Vert, 75011 Paris, France"
Logement entier pour 1 personne de 40m²,40.0,1445.97,1.0,75018,"15 Rue Burq, Paris 18e Arrondissement, Île-de-France, France"
Logement chez l'habitant pour 1 personne de 116m²,116.0,2605.26,1.0,75008,"24 Rue de Turin, 75008 Paris, France"
Studio de 21m²,21.0,998.93,1.0,75007,"123 Rue de l'Université, 75007 Paris, France"
Logement en colocation pour 4 personnes de 90m²,14.23502380952381,1145.0,1.0,75017,boulevard de Dixmude 75017 Paris FRANCE
Logement en colocation pour 4 personnes de 90m²,17.46907118807119,980.0,1.0,75017,boulevard de Dixmude 75017 Paris FRANCE
Studio de 33m²,33.0,1307.24,1.0,75018,"8 Rue André del Sarte, 75018 Paris, France"
Logement en colocation pour 4 personnes de 90m²,12.063950697450696,1095.0,1.0,75015,rue de Vouillé 75015 Paris FRANCE
Logement en colocation pour 4 personnes de 90m²,16.920556878306883,1100.0,1.0,75015,rue de Vouillé 75015 Paris FRANCE
Logement en colocation pour 4 personnes de 90m²,11.9535,1025.0,1.0,75015,rue de Vouillé 75015 Paris FRANCE
Studio de 23m²,23.0,1006.06,1.0,75019,"10 Av. de Flandre, 75019 Paris, France"
Logement en colocation pour 5 personnes de 90m²,12.441567460317462,1050.0,1.0,75010,rue de l'Aqueduc 75010 Paris FRANCE
Logement en colocation pour 3 personnes de 60m²,60.0,1828.8,1.0,75015,rue de l'Abbé Groult 75015 Paris FRANCE
Logement en colocation pour 6 personnes de 150m²,15.379599206349207,1140.0,1.0,75001,rue Tiquetonne 75001 Paris FRANCE
Logement en colocation pour 6 personnes de 150m²,16.93250793650794,1225.0,1.0,75001,rue Tiquetonne 75001 Paris FRANCE
Logement en colocation pour 6 personnes de 110m²,110.0,2953.79,1.0,75015,rue Tiphaine 75015 Paris FRANCE
Logement en colocation pour 15 personnes de 400m²,15.0,950.0,1.0,92220,"Pl. de la République, 92220 Bagneux, France"
Logement en colocation pour 15 personnes de 400m²,14.0,1150.0,1.0,92220,"Pl. de la République, 92220 Bagneux, France"
Logement en colocation pour 15 personnes de 400m²,29.0,1100.0,1.0,92220,"Pl. de la République, 92220 Bagneux, France"
Logement en colocation pour 15 personnes de 400m²,15.0,1150.0,1.0,92220,"Pl. de la République, 92220 Bagneux, France"
Logement en colocation pour 15 personnes de 400m²,15.0,990.0,1.0,92220,"Pl. de la République, 92220 Bagneux, France"
Logement en colocation pour 15 personnes de 400m²,15.0,990.0,1.0,92220,"Pl. de la République, 92220 Bagneux, France"
Logement en colocation pour 15 personnes de 400m²,16.005194805194787,990.0,1.0,92220,"Pl. de la République, 92220 Bagneux, France"
Logement en colocation pour 15 personnes de 400m²,15.0,1150.0,1.0,92220,"Pl. de la République, 92220 Bagneux, France"
Logement en colocation pour 15 personnes de 400m²,15.0,990.0,1.0,92220,"Pl. de la République, 92220 Bagneux, France"
Logement en colocation pour 15 personnes de 400m²,15.0,990.0,1.0,92220,"Pl. de la République, 92220 Bagneux, France"
Logement en colocation pour 15 personnes de 400m²,21.0,990.0,1.0,92220,"Pl. de la République, 92220 Bagneux, France"
Logement en colocation pour 15 personnes de 400m²,23.0,1100.0,1.0,92220,"Pl. de la République, 92220 Bagneux, France"
Logement en colocation pour 15 personnes de 400m²,14.0,1150.0,1.0,92220,"Pl. de la République, 92220 Bagneux, France"
Logement en colocation pour 15 personnes de 400m²,25.0,1250.0,1.0,92220,"Pl. de la République, 92220 Bagneux, France"
Logement en colocation pour 15 personnes de 400m²,15.0,990.0,1.0,92220,"Pl. de la République, 92220 Bagneux, France"
Studio de 25m²,25.0,1037.51,1.0,75008,"239 Rue du Faubourg Saint-Honoré, 75008 Paris, France"
Studio de 11m²,11.0,1074.65,1.0,75013,"113 Rue de Patay, 75013 Paris, France"
Logement entier pour 2 personnes de 37m²,37.0,1362.75,1.0,75018,"96 Rue Duhesme, 75018 Paris, France"
Studio de 36m²,36.0,1435.35,1.0,75011,"6 Rue Crespin du Gast, 75011 Paris, France"
Studio de 27m²,27.0,988.54,1.0,75020,"24 Rue du Borrégo, 75020 Paris, France"
Logement chez l'habitant pour 2 personnes de 76m²,76.0,1207.61,1.0,75016,"5 Rue des Sablons, Paris 16e Arrondissement, Île-de-France, France"
Studio de 24m²,24.0,986.71,1.0,75016,"45 Rue Boileau, 75016 Paris, France"
Studio de 26m²,26.0,1394.48,1.0,75017,"191 Rue de Courcelles, 75017 Paris, France"
Logement entier pour 3 personnes de 37m²,37.0,1323.99,1.0,75013,"146 Bd Vincent Auriol, 75013 Paris, France"
Studio de 32m²,32.0,1186.95,1.0,75010,"37 Rue d'Hauteville, 75010 Paris, France"
Studio de 24m²,24.0,1032.59,1.0,75014,"6 Rue Alfred Durand-Claye, 75014 Paris, France"
Studio de 18m²,18.0,1100.89,1.0,75011,"118 Rue du Chemin Vert, 75011 Paris, France"
Logement entier pour 3 personnes de 36m²,36.0,1322.38,1.0,75018,"5 Rue Caplat, 75018 Paris, France"
Logement entier pour 2 personnes de 32m²,32.0,1328.42,1.0,75011,"25 Rue de la Forge Royale, 75011 Paris, France"
Logement entier pour 2 personnes de 36m²,36.0,1228.45,1.0,75005,"40 Rue du Cardinal Lemoine, 75005 Paris, France"
Logement entier pour 2 personnes de 48m²,48.0,1198.99,1.0,75019,"32 l Quai de la Loire, Paris 19e Arrondissement, Île-de-France, France"
Logement chez l'habitant pour 1 personne de 20m²,20.0,938.4,1.0,75020,"28 e Rue des Envierges, Paris 20e Arrondissement, Île-de-France, France"
Logement en colocation pour 3 personnes de 50m²,50.0,1527.04,1.0,75007,avenue de Breteuil 75007 Paris FRANCE
Logement entier pour 2 personnes de 30m²,30.0,1323.55,1.0,75011,"3 Rue Popincourt, 75011 Paris, France"
Logement en colocation pour 3 personnes de 60m²,15.301097827009592,920.0,1.0,75018,rue des Cloys 75018 Paris FRANCE
Logement en colocation pour 3 personnes de 60m²,19.333420634920632,1040.0,1.0,75018,rue des Cloys 75018 Paris FRANCE
Studio de 22m²,22.0,981.69,1.0,75003,"16 Rue Caffarelli, 75003 Paris, France"
Logement entier pour 3 personnes de 41m²,41.0,1448.02,1.0,75016,"28 Rue George Sand, Paris 16e Arrondissement, Île-de-France, France"
Studio de 23m²,23.0,1408.68,1.0,75017,"42 Boulevard Gouvion-Saint-Cyr, 75017 Paris, France"
Logement en colocation pour 2 personnes de 40m²,40.0,1778.28,1.0,75015,"3 Rue St Charles, 75015 Paris, France"
UXCO Stud'Y,17.5,907.5,1.0,93200,"84 Boulevard Marcel Sembat, 93200 Saint-Denis, France"
UXCO Stud'Y,26.0,960.0,1.0,93200,"84 Boulevard Marcel Sembat, 93200 Saint-Denis, France"
UXCO Stud'Y,60.0,1397.0,1.0,93200,"84 Boulevard Marcel Sembat, 93200 Saint-Denis, France"
UXCO Stud'Y,17.5,550.0,1.0,93200,"84 Boulevard Marcel Sembat, 93200 Saint-Denis, France"
UXCO Stud'Y,26.0,630.0,1.0,93200,"84 Boulevard Marcel Sembat, 93200 Saint-Denis, France"
STUDEA NANTERRE JOFFRE,21.0,798.0,1.0,92000,"44 Avenue du Maréchal Joffre, 92000 Nanterre, France"
Student Factory Saint Denis - Universeine,19.0,803.0,1.0,93200,"2 Mail Hedy Lamarr, 93200 Saint-Denis, France"
Student Factory Saint Denis - Universeine,19.0,783.0,1.0,93200,"2 Mail Hedy Lamarr, 93200 Saint-Denis, France"
Student Factory Saint Denis - Universeine,24.0,839.0,1.0,93200,"2 Mail Hedy Lamarr, 93200 Saint-Denis, France"
Student Factory Saint Denis - Universeine,39.0,978.0,1.0,93200,"2 Mail Hedy Lamarr, 93200 Saint-Denis, France"
Student Factory Saint Denis - Universeine,39.0,999.0,1.0,93200,"2 Mail Hedy Lamarr, 93200 Saint-Denis, France"
Student Factory Saint Denis - Universeine,21.5,955.5,1.0,93200,"2 Mail Hedy Lamarr, 93200 Saint-Denis, France"
Student Factory Saint Denis - Universeine,39.0,1194.5,1.0,93200,"2 Mail Hedy Lamarr, 93200 Saint-Denis, France"
Sergic résidence Nanterre Cité internationale - Coliving,17.0,990.0,1.0,92000,"48 Avenue des Champs Pierreux, Nanterre, France"
Sergic résidence Nanterre Cité internationale - Coliving,20.0,990.0,1.0,92000,"48 Avenue des Champs Pierreux, Nanterre, France"
Sergic résidence Nanterre Cité internationale - Coliving,23.0,1090.0,1.0,92000,"48 Avenue des Champs Pierreux, Nanterre, France"
Sergic résidence Nanterre Cité internationale - Coliving,33.0,1490.0,1.0,92000,"48 Avenue des Champs Pierreux, Nanterre, France"
Sergic résidence Nanterre Cité internationale - Coliving,36.5,850.0,1.0,92000,"48 Avenue des Champs Pierreux, Nanterre, France"
Sergic résidence Nanterre Cité internationale - Coliving,21.0,890.0,1.0,92000,"48 Avenue des Champs Pierreux, Nanterre, France"
Sergic résidence Nanterre Cité internationale - Coliving,49.5,850.0,1.0,92000,"48 Avenue des Champs Pierreux, Nanterre, France"
Sergic résidence Nanterre Cité internationale - Coliving,27.0,890.0,1.0,92000,"48 Avenue des Champs Pierreux, Nanterre, France"
Sergic résidence Nanterre Cité internationale - Coliving,65.0,790.0,1.0,92000,"48 Avenue des Champs Pierreux, Nanterre, France"
Twenty Campus Nanterre Barbusse,17.5,910.0,1.0,92000,"96 Rue Henri Barbusse, 92000 Nanterre, France"
Twenty Campus Nanterre Barbusse,18.0,730.0,1.0,92000,"96 Rue Henri Barbusse, 92000 Nanterre, France"
Twenty Campus Nanterre Barbusse,25.0,960.0,1.0,92000,"96 Rue Henri Barbusse, 92000 Nanterre, France"
Résidence Paris Docteur Roux,9.5,950.0,1.0,75015,"10 Rue du Docteur Roux, 75015 Paris, France"
Résidence Paris Docteur Roux,55.0,2061.0,1.0,75015,"10 Rue du Docteur Roux, 75015 Paris, France"
Résidence Paris Lecourbe,23.5,1390.0,1.0,75015,"74/76 Rue Lecourbe, 75015, Paris, France"
Résidence Paris Lecourbe,15.0,1190.0,1.0,75015,"74/76 Rue Lecourbe, 75015, Paris, France"
Résidence Paris Lecourbe,30.5,1569.5,1.0,75015,"74/76 Rue Lecourbe, 75015, Paris, France"
Résidence Paris Blomet,13.0,1049.0,1.0,75015,"332 Rue de Vaugirard, 75015 Paris, France"
Résidence Paris Blomet,31.0,1274.5,1.0,75015,"332 Rue de Vaugirard, 75015 Paris, France"
Résidence Paris Blomet,56.0,1800.0,1.0,75015,"332 Rue de Vaugirard, 75015 Paris, France"
Résidence Paris Blomet,127.0,3301.0,1.0,75015,"332 Rue de Vaugirard, 75015 Paris, France"
Résidence Paris Nation,40.0,1690.0,1.0,75012,"25 Avenue de Saint-Mandé, 75012 Paris, France"
Résidence Paris Nation,12.5,991.5,1.0,75012,"25 Avenue de Saint-Mandé, 75012 Paris, France"
Résidence Paris Dareau,40.5,1860.5,1.0,75014,"37-39 Rue Dareau, 75014 Paris, France"
Résidence Paris Dareau,13.5,840.5,1.0,75014,"37-39 Rue Dareau, 75014 Paris, France"
Résidence Paris Dareau,28.5,1435.0,1.0,75014,"37-39 Rue Dareau, 75014 Paris, France"
Résidence Paris Dareau,71.0,2262.0,1.0,75014,"37-39 Rue Dareau, 75014 Paris, France"
Résidence Paris Vouillé,19.0,990.0,1.0,75015,"6-22 Rue de Vouillé, Paris, France"
Résidence Paris Vouillé,24.5,1289.5,1.0,75015,"6-22 Rue de Vouillé, Paris, France"
Résidence Paris Vouillé,12.5,989.5,1.0,75015,"6-22 Rue de Vouillé, Paris, France"
Résidence Paris Vouillé,29.5,1400.0,1.0,75015,"6-22 Rue de Vouillé, Paris, France"
Résidence Paris Vouillé,88.5,2658.0,1.0,75015,"6-22 Rue de Vouillé, Paris, France"
Hife Issy-les-Moulineaux,21.0,1470.0,1.0,92130,"15 Rue Guynemer, 92130 Issy-les-Moulineaux, France"
Hife Issy-les-Moulineaux,21.5,1525.0,1.0,92130,"15 Rue Guynemer, 92130 Issy-les-Moulineaux, France"
Hife Issy-les-Moulineaux,28.0,1665.0,1.0,92130,"15 Rue Guynemer, 92130 Issy-les-Moulineaux, France"
Hife Issy-les-Moulineaux,35.0,1795.0,1.0,92130,"15 Rue Guynemer, 92130 Issy-les-Moulineaux, France"
Hife Issy-les-Moulineaux,23.5,1657.0,1.0,92130,"15 Rue Guynemer, 92130 Issy-les-Moulineaux, France"
Hife Issy-les-Moulineaux,31.0,1525.0,1.0,92130,"15 Rue Guynemer, 92130 Issy-les-Moulineaux, France"
Twenty Campus Paris Canal de l'ourcq,19.5,945.0,1.0,75019,"172-178 Rue d'Aubervilliers, Paris, France"
Twenty Campus Paris Canal de l'ourcq,21.5,970.0,1.0,75019,"172-178 Rue d'Aubervilliers, Paris, France"
Twenty Campus Châtillon,18.5,840.0,1.0,92320,"1 Rue Jean Mermoz, 92320 Châtillon, France"
Twenty Campus Châtillon,65.0,1490.0,1.0,92320,"1 Rue Jean Mermoz, 92320 Châtillon, France"
Twenty Campus Châtillon,26.0,885.0,1.0,92320,"1 Rue Jean Mermoz, 92320 Châtillon, France"
Twenty Campus Châtillon,34.5,990.0,1.0,92320,"1 Rue Jean Mermoz, 92320 Châtillon, France"
Twenty Campus Châtillon,42.5,1260.0,1.0,92320,"1 Rue Jean Mermoz, 92320 Châtillon, France"
Kley Paris Gennevilliers,20.0,940.0,1.0,92230,"25 Rue Georges, 92230 Gennevilliers, France"
Kley Paris Gennevilliers,21.5,1030.0,1.0,92230,"25 Rue Georges, 92230 Gennevilliers, France"
Student Village Bagneux,58.0,1833.0,1.0,92220,"154 Rue des Blains, 92220 Bagneux, France"
Student Village Bagneux,22.0,970.5,1.0,92220,"154 Rue des Blains, 92220 Bagneux, France"
Student Village Bagneux,50.0,1699.5,1.0,92220,"154 Rue des Blains, 92220 Bagneux, France"
Student Village Bagneux,75.0,759.0,1.0,92220,"154 Rue des Blains, 92220 Bagneux, France"
Student Village Bagneux,10.5,804.5,1.0,92220,"154 Rue des Blains, 92220 Bagneux, France"
Student Village Bagneux,17.5,866.5,1.0,92220,"154 Rue des Blains, 92220 Bagneux, France"
Student Village Bagneux,24.0,1065.0,1.0,92220,"154 Rue des Blains, 92220 Bagneux, France"
Student Village Bagneux,13.5,845.0,1.0,92220,"154 Rue des Blains, 92220 Bagneux, France"
Student Village Bagneux,13.5,845.0,1.0,92220,"154 Rue des Blains, 92220 Bagneux, France"
Student Village Bagneux,17.0,813.0,1.0,92220,"154 Rue des Blains, 92220 Bagneux, France"
Student Village Bagneux,17.0,813.0,1.0,92220,"154 Rue des Blains, 92220 Bagneux, France"
Student Village Bagneux,29.0,1082.0,1.0,92220,"154 Rue des Blains, 92220 Bagneux, France"
Student Village Bagneux,37.0,1399.0,1.0,92220,"154 Rue des Blains, 92220 Bagneux, France"
Student Village Bagneux,14.0,861.0,1.0,92220,"154 Rue des Blains, 92220 Bagneux, France"
Student Village Bagneux,48.0,1691.0,1.0,92220,"154 Rue des Blains, 92220 Bagneux, France"
Student Village Bagneux,12.0,844.0,1.0,92220,"154 Rue des Blains, 92220 Bagneux, France"
Student Village Bagneux,11.0,830.0,1.0,92220,"154 Rue des Blains, 92220 Bagneux, France"
Student Village Bagneux,48.0,750.0,1.0,92220,"154 Rue des Blains, 92220 Bagneux, France"
Student Village Bagneux,51.0,1757.0,1.0,92220,"154 Rue des Blains, 92220 Bagneux, France"
Student Village Bagneux,52.0,799.5,1.0,92220,"154 Rue des Blains, 92220 Bagneux, France"
Student Village Bagneux,52.0,799.5,1.0,92220,"154 Rue des Blains, 92220 Bagneux, France"
Student Village Bagneux,58.5,1807.5,1.0,92220,"154 Rue des Blains, 92220 Bagneux, France"
Student Village Bagneux,69.0,2014.0,1.0,92220,"154 Rue des Blains, 92220 Bagneux, France"
Student Village Bagneux,19.5,921.5,1.0,92220,"154 Rue des Blains, 92220 Bagneux, France"
Student Village Bagneux,21.5,961.0,1.0,92220,"154 Rue des Blains, 92220 Bagneux, France"
Student Village Bagneux,39.0,1520.0,1.0,92220,"154 Rue des Blains, 92220 Bagneux, France"
Student Village Bagneux,46.0,1646.0,1.0,92220,"154 Rue des Blains, 92220 Bagneux, France"
Student Village Bagneux,52.5,1675.5,1.0,92220,"154 Rue des Blains, 92220 Bagneux, France"
Student Village Bagneux,38.0,1483.0,1.0,92220,"154 Rue des Blains, 92220 Bagneux, France"
Student Village Levallois-Perret,23.0,1028.5,1.0,92300,"10 Rue Jules Verne, 92300 Levallois-Perret, France"
Student Village Levallois-Perret,16.0,955.5,1.0,92300,"10 Rue Jules Verne, 92300 Levallois-Perret, France"
Student Village Levallois-Perret,26.0,1041.0,1.0,92300,"10 Rue Jules Verne, 92300 Levallois-Perret, France"
Student Village Levallois-Perret,23.0,1035.0,1.0,92300,"10 Rue Jules Verne, 92300 Levallois-Perret, France"
Student Village Levallois-Perret,16.0,942.0,1.0,92300,"10 Rue Jules Verne, 92300 Levallois-Perret, France"
Student Village Levallois-Perret,15.0,951.0,1.0,92300,"10 Rue Jules Verne, 92300 Levallois-Perret, France"
Student Village Levallois-Perret,15.0,935.0,1.0,92300,"10 Rue Jules Verne, 92300 Levallois-Perret, France"
Student Village Levallois-Perret,36.5,1449.5,1.0,92300,"10 Rue Jules Verne, 92300 Levallois-Perret, France"
Studélites Le Vendôme,24.5,983.0,1.0,92100,"37 Rue de la Saussière, Boulogne-Billancourt, France"
Studélites Le Gouverneur,24.5,917.0,1.0,92120,"2 Rue Théophile Gautier, 92120 Montrouge, France"
Studélites Le Gouverneur,39.5,1250.0,1.0,92120,"2 Rue Théophile Gautier, 92120 Montrouge, France"
Studélites l'aiglon,27.0,860.5,1.0,92500,"Les Studélites Résidence l'Aiglon, 145 Boulevard National, 92500 Rueil-Malmaison, France"
Studélites l'aiglon,36.0,1050.0,1.0,92500,"Les Studélites Résidence l'Aiglon, 145 Boulevard National, 92500 Rueil-Malmaison, France"
Studélites l'aiglon,39.5,1135.0,1.0,92500,"Les Studélites Résidence l'Aiglon, 145 Boulevard National, 92500 Rueil-Malmaison, France"
Studélites le Garibaldi A,22.5,1041.0,1.0,92130,"14 Rue Jean Jacques Rousseau, 92130 Issy-les-Moulineaux, France"
Studélites le Garibaldi A,33.0,1041.0,1.0,92130,"14 Rue Jean Jacques Rousseau, 92130 Issy-les-Moulineaux, France"
Studélites Le Capitole,40.0,1415.5,1.0,75013,"10 Rue Fulton, 75013 Paris, France"
Studélites Le Capitole,23.0,992.0,1.0,75013,"10 Rue Fulton, 75013 Paris, France"
Studélites Le Maréchal,27.5,1056.0,1.0,75014,"121 Boulevard Brune, 75014 Paris, France"
Studélites Le Rembrandt,29.0,895.0,1.0,75019,"153 Avenue de Flandre, 75019 Paris, France"
Studélites Le Rembrandt,35.5,1166.0,1.0,75019,"153 Avenue de Flandre, 75019 Paris, France"
Studélites Le Rembrandt,29.0,970.0,1.0,75019,"153 Avenue de Flandre, 75019 Paris, France"
Twenty Campus Paris 11,17.5,1030.0,1.0,75011,"275 Rue du Faubourg Saint-Antoine, 75011 Paris, France"
Twenty Campus Paris 11,21.0,1130.0,1.0,75011,"275 Rue du Faubourg Saint-Antoine, 75011 Paris, France"
Twenty Campus Paris 11,30.0,1340.0,1.0,75011,"275 Rue du Faubourg Saint-Antoine, 75011 Paris, France"
Twenty Campus Paris 11,26.0,1370.0,1.0,75011,"275 Rue du Faubourg Saint-Antoine, 75011 Paris, France"
Twenty Campus Paris 11,37.0,1640.0,1.0,75011,"275 Rue du Faubourg Saint-Antoine, 75011 Paris, France"
Logement entier pour 3 personnes de 25m²,25.0,1079.26,1.0,75010,"107 Rue du Faubourg du Temple, 75010 Paris, France"
Studio de 18m²,18.0,1500.7,1.0,75017,"3 Rue de Saussure, 75017 Paris, France"
Logement entier pour 2 personnes de 22m²,22.0,982.64,1.0,75016,"Bd Lannes, 75016 Paris, France"
Logement entier pour 2 personnes de 40m²,40.0,1527.56,1.0,75011,"85 Rue de la Roquette, 75011 Paris, France"
Logement entier pour 2 personnes de 11m²,11.0,1026.82,1.0,75016,"7 Rue Léonard de Vinci, 75016 Paris, France"
Logement entier pour 3 personnes de 49m²,49.0,1229.15,1.0,75020,"37 Rue du Surmelin, 75020 Paris, France"
Studio de 16m²,16.0,1047.33,1.0,75020,"142 Boulevard de Charonne, 75020 Paris, France"
Logement chez l'habitant pour 1 personne de 70m²,70.0,1778.35,1.0,75017,"196 Bd Pereire, 75017 Paris, France"
Logement chez l'habitant pour 1 personne de 80m²,80.0,1282.49,1.0,75005,"Rue Broca, 75005 Paris, France"
Logement chez l'habitant pour 1 personne de 130m²,130.0,2664.94,1.0,75014,"Rue d'Alésia, 75014 Paris, France"
Logement chez l'habitant pour 1 personne de 35m²,35.0,1270.97,1.0,75013,"70 Rue du Javelot, 75013 Paris, France"
Studio de 17m²,17.0,972.6,1.0,75013,"Avenue des Gobelins, Paris 13e Arrondissement, Île-de-France, France"
Logement en colocation pour 2 personnes de 74m²,12.0,860.0,1.0,92400,"Rue du Capitaine Guynemer, 92400 Courbevoie, France"
Logement en colocation pour 2 personnes de 74m²,12.0,850.0,1.0,92400,"Rue du Capitaine Guynemer, 92400 Courbevoie, France"
Logement entier pour 4 personnes de 70m²,70.0,1754.79,1.0,75019,"27 Rue Rebeval, 75019 Paris, France"
Studio de 24m²,24.0,986.51,1.0,75002,"27 Rue Beauregard, 75002 Paris, France"
Studio de 10m²,10.0,1009.53,1.0,75009,"Rue des Martyrs, Paris 9e Arrondissement, Île-de-France, France"
Logement entier pour 1 personne de 26m²,26.0,1019.9,1.0,75009,"Rue de Trévise, Paris 9e Arrondissement, Île-de-France, France"
Studio de 12m²,12.0,1060.07,1.0,75013,"50 l Boulevard de l'Hôpital, Paris 13e Arrondissement, Île-de-France, France"
Logement entier pour 2 personnes de 47m²,47.0,1309.98,1.0,75016,"10 Rue de Montevideo, 75016 Paris, France"
Studio de 33m²,33.0,1307.24,1.0,75018,"Rue Caulaincourt, 75018 Paris, France"
Logement entier pour 2 personnes de 35m²,35.0,1260.98,1.0,75008,"7 Rue Jean Goujon, 75008 Paris, France"
Logement entier pour 2 personnes de 56m²,56.0,1669.68,1.0,75017,"8 Rue Catulle Mendès, 75017 Paris, France"
Logement entier pour 4 personnes de 50m²,50.0,1527.04,1.0,75016,"13 Bd Suchet, 75016 Paris, France"
Logement en colocation pour 7 personnes de 122m²,10.0,1050.0,1.0,75013,"99 rue Bobillot, 75013, Paris, FR 75013 Paris FR"
Logement en colocation pour 7 personnes de 122m²,11.0,1100.0,1.0,75013,"99 rue Bobillot, 75013, Paris, FR 75013 Paris FR"
Logement en colocation pour 7 personnes de 122m²,10.0,1100.0,1.0,75013,"99 rue Bobillot, 75013, Paris, FR 75013 Paris FR"
Logement en colocation pour 7 personnes de 122m²,10.0,1100.0,1.0,75013,"99 rue Bobillot, 75013, Paris, FR 75013 Paris FR"
Logement en colocation pour 7 personnes de 122m²,9.0,1100.0,1.0,75013,"99 rue Bobillot, 75013, Paris, FR 75013 Paris FR"
Logement en colocation pour 7 personnes de 122m²,10.0,1100.0,1.0,75013,"99 rue Bobillot, 75013, Paris, FR 75013 Paris FR"
Logement en colocation pour 7 personnes de 122m²,9.0,950.0,1.0,75013,"99 rue Bobillot, 75013, Paris, FR 75013 Paris FR"
Logement en colocation pour 7 personnes de 122m²,9.0,1100.0,1.0,75013,"99 rue Bobillot, 75013, Paris, FR 75013 Paris FR"
Logement en colocation pour 7 personnes de 122m²,10.0,1050.0,1.0,75013,"99 rue Bobillot, 75013, Paris, FR 75013 Paris FR"
Logement en colocation pour 7 personnes de 122m²,9.0,1050.0,1.0,75013,"99 rue Bobillot, 75013, Paris, FR 75013 Paris FR"
Logement en colocation pour 7 personnes de 122m²,11.0,1050.0,1.0,75013,"99 rue Bobillot, 75013, Paris, FR 75013 Paris FR"
Logement en colocation pour 7 personnes de 122m²,9.0,1050.0,1.0,75013,"99 rue Bobillot, 75013, Paris, FR 75013 Paris FR"
Logement en colocation pour 7 personnes de 122m²,9.0,1050.0,1.0,75013,"99 rue Bobillot, 75013, Paris, FR 75013 Paris FR"
Logement en colocation pour 7 personnes de 122m²,10.0,1050.0,1.0,75013,"99 rue Bobillot, 75013, Paris, FR 75013 Paris FR"
Studio de 25m²,25.0,1286.39,1.0,75015,"11, rue Tisserand 75015 Paris 15Eme Arrondissement FRANCE"
Logement en colocation pour 14 personnes de 333m²,16.0,1395.0,1.0,75019,"15 Pass. du Monténégro, 75019 Paris, France"
Logement en colocation pour 14 personnes de 333m²,13.0,1220.0,1.0,75019,"15 Pass. du Monténégro, 75019 Paris, France"
Logement en colocation pour 14 personnes de 333m²,14.0,1335.0,1.0,75019,"15 Pass. du Monténégro, 75019 Paris, France"
Logement en colocation pour 14 personnes de 333m²,15.0,1120.0,1.0,75019,"15 Pass. du Monténégro, 75019 Paris, France"
Logement en colocation pour 14 personnes de 333m²,14.0,1190.0,1.0,75019,"15 Pass. du Monténégro, 75019 Paris, France"
Logement en colocation pour 14 personnes de 333m²,15.0,1090.0,1.0,75019,"15 Pass. du Monténégro, 75019 Paris, France"
Logement en colocation pour 14 personnes de 333m²,11.0,1130.0,1.0,75019,"15 Pass. du Monténégro, 75019 Paris, France"
Logement en colocation pour 14 personnes de 333m²,12.0,1217.0,1.0,75019,"15 Pass. du Monténégro, 75019 Paris, France"
Logement en colocation pour 14 personnes de 333m²,11.0,1167.0,1.0,75019,"15 Pass. du Monténégro, 75019 Paris, France"
Logement en colocation pour 14 personnes de 333m²,10.0,1166.0,1.0,75019,"15 Pass. du Monténégro, 75019 Paris, France"
Logement en colocation pour 14 personnes de 333m²,11.0,1240.0,1.0,75019,"15 Pass. du Monténégro, 75019 Paris, France"
Logement en colocation pour 14 personnes de 333m²,11.0,1180.0,1.0,75019,"15 Pass. du Monténégro, 75019 Paris, France"
Logement en colocation pour 14 personnes de 333m²,13.0,1270.0,1.0,75019,"15 Pass. du Monténégro, 75019 Paris, France"
Logement en colocation pour 14 personnes de 333m²,11.0,1200.0,1.0,75019,"15 Pass. du Monténégro, 75019 Paris, France"
Logement en colocation pour 3 personnes de 68m²,13.0,950.0,1.0,75018,4 rue Jean-François Lepine 75018 Paris FR
Logement en colocation pour 3 personnes de 68m²,16.0,990.0,1.0,75018,4 rue Jean-François Lepine 75018 Paris FR
Logement en colocation pour 3 personnes de 68m²,13.0,950.0,1.0,75018,4 rue Jean-François Lepine 75018 Paris FR
Logement en colocation pour 6 personnes de 125m²,13.0,1092.0,1.0,75019,"139 avenue Jean Jaurès, 75019, Paris, FR 75019 Paris FR"
Logement en colocation pour 6 personnes de 125m²,15.0,1092.0,1.0,75019,"139 avenue Jean Jaurès, 75019, Paris, FR 75019 Paris FR"
Logement en colocation pour 6 personnes de 125m²,10.0,1092.0,1.0,75019,"139 avenue Jean Jaurès, 75019, Paris, FR 75019 Paris FR"
Logement en colocation pour 6 personnes de 125m²,12.0,1092.0,1.0,75019,"139 avenue Jean Jaurès, 75019, Paris, FR 75019 Paris FR"
Logement en colocation pour 7 personnes de 185m²,12.0,1133.0,1.0,75018,"39 bis Blvd Ney, 75018, Paris, FR 75018 Paris FR"
Logement en colocation pour 7 personnes de 185m²,13.0,1174.0,1.0,75018,"39 bis Blvd Ney, 75018, Paris, FR 75018 Paris FR"
Logement en colocation pour 7 personnes de 185m²,12.0,1174.0,1.0,75018,"39 bis Blvd Ney, 75018, Paris, FR 75018 Paris FR"
Logement en colocation pour 7 personnes de 185m²,20.0,1277.0,1.0,75018,"39 bis Blvd Ney, 75018, Paris, FR 75018 Paris FR"
Logement en colocation pour 7 personnes de 185m²,13.0,1174.0,1.0,75018,"39 bis Blvd Ney, 75018, Paris, FR 75018 Paris FR"
Logement en colocation pour 7 personnes de 185m²,17.0,1226.0,1.0,75018,"39 bis Blvd Ney, 75018, Paris, FR 75018 Paris FR"
Logement en colocation pour 7 personnes de 185m²,12.0,1133.0,1.0,75018,"39 bis Blvd Ney, 75018, Paris, FR 75018 Paris FR"
Logement en colocation pour 12 personnes de 380m²,32.0,1870.0,1.0,75015,42 rue de Cambronne 75015 Paris FR
Logement en colocation pour 12 personnes de 380m²,22.0,1760.0,1.0,75015,42 rue de Cambronne 75015 Paris FR
Logement en colocation pour 12 personnes de 380m²,28.0,2030.0,1.0,75015,42 rue de Cambronne 75015 Paris FR
Logement en colocation pour 12 personnes de 380m²,16.0,1490.0,1.0,75015,42 rue de Cambronne 75015 Paris FR
Logement en colocation pour 12 personnes de 380m²,16.0,1490.0,1.0,75015,42 rue de Cambronne 75015 Paris FR
Logement en colocation pour 12 personnes de 380m²,19.0,1580.0,1.0,75015,42 rue de Cambronne 75015 Paris FR
Logement en colocation pour 12 personnes de 380m²,20.0,1580.0,1.0,75015,42 rue de Cambronne 75015 Paris FR
Logement en colocation pour 12 personnes de 380m²,20.0,1720.0,1.0,75015,42 rue de Cambronne 75015 Paris FR
Logement en colocation pour 12 personnes de 380m²,22.0,1660.0,1.0,75015,42 rue de Cambronne 75015 Paris FR
Logement en colocation pour 12 personnes de 380m²,22.0,1760.0,1.0,75015,42 rue de Cambronne 75015 Paris FR
Logement en colocation pour 12 personnes de 380m²,22.0,1700.0,1.0,75015,42 rue de Cambronne 75015 Paris FR
Logement en colocation pour 12 personnes de 380m²,32.0,1870.0,1.0,75015,42 rue de Cambronne 75015 Paris FR
Logement entier pour 2 personnes de 42m²,42.0,1532.54,1.0,75011,"86 Rue de la Folie Méricourt, 75011 Paris, France"
Logement en colocation pour 12 personnes de 380m²,28.0,1830.0,1.0,75015,42 rue de Cambronne 75015 Paris FR
Logement en colocation pour 12 personnes de 380m²,23.0,1850.0,1.0,75015,42 rue de Cambronne 75015 Paris FR
Logement en colocation pour 12 personnes de 380m²,19.0,1580.0,1.0,75015,42 rue de Cambronne 75015 Paris FR
Logement en colocation pour 12 personnes de 380m²,22.0,1760.0,1.0,75015,42 rue de Cambronne 75015 Paris FR
Logement en colocation pour 12 personnes de 380m²,22.0,1760.0,1.0,75015,42 rue de Cambronne 75015 Paris FR
Logement en colocation pour 12 personnes de 380m²,22.0,1760.0,1.0,75015,42 rue de Cambronne 75015 Paris FR
Logement en colocation pour 12 personnes de 380m²,32.0,2120.0,1.0,75015,42 rue de Cambronne 75015 Paris FR
Logement en colocation pour 4 personnes de 87m²,13.0,920.0,1.0,75019,54 rue Cesaria Evora 75019 Paris FR
Logement en colocation pour 4 personnes de 87m²,17.0,970.0,1.0,75019,54 rue Cesaria Evora 75019 Paris FR
Logement en colocation pour 4 personnes de 87m²,12.0,930.0,1.0,75019,54 rue Cesaria Evora 75019 Paris FR
Logement en colocation pour 4 personnes de 87m²,11.0,970.0,1.0,75019,54 rue Cesaria Evora 75019 Paris FR
Logement en colocation pour 4 personnes de 75m²,16.0,1030.0,1.0,75015,10 rue Louis Vicat 75015 Paris FR
Logement en colocation pour 4 personnes de 75m²,11.0,950.0,1.0,75015,10 rue Louis Vicat 75015 Paris FR
Logement en colocation pour 4 personnes de 75m²,10.0,930.0,1.0,75015,10 rue Louis Vicat 75015 Paris FR
Logement en colocation pour 4 personnes de 75m²,10.0,950.0,1.0,75015,10 rue Louis Vicat 75015 Paris FR
Logement entier pour 2 personnes de 15m²,15.0,1128.87,1.0,75015,"83 Rue Fondary, 75015 Paris, France"
Logement en colocation pour 15 personnes de 359m²,12.0,1340.0,1.0,75017,10 rue des Dames 75017 Paris FR
Logement en colocation pour 15 personnes de 359m²,9.0,1290.0,1.0,75017,10 rue des Dames 75017 Paris FR
Logement en colocation pour 15 personnes de 359m²,12.0,1370.0,1.0,75017,10 rue des Dames 75017 Paris FR
Logement en colocation pour 15 personnes de 359m²,13.0,1380.0,1.0,75017,10 rue des Dames 75017 Paris FR
Logement en colocation pour 15 personnes de 359m²,13.0,1380.0,1.0,75017,10 rue des Dames 75017 Paris FR
Logement en colocation pour 15 personnes de 359m²,12.0,1380.0,1.0,75017,10 rue des Dames 75017 Paris FR
Logement en colocation pour 15 personnes de 359m²,13.0,1380.0,1.0,75017,10 rue des Dames 75017 Paris FR
Logement en colocation pour 15 personnes de 359m²,12.0,1380.0,1.0,75017,10 rue des Dames 75017 Paris FR
Logement en colocation pour 15 personnes de 359m²,12.0,1380.0,1.0,75017,10 rue des Dames 75017 Paris FR
Logement en colocation pour 15 personnes de 359m²,12.0,1390.0,1.0,75017,10 rue des Dames 75017 Paris FR
Logement en colocation pour 15 personnes de 359m²,13.0,1390.0,1.0,75017,10 rue des Dames 75017 Paris FR
Logement en colocation pour 15 personnes de 359m²,13.0,1400.0,1.0,75017,10 rue des Dames 75017 Paris FR
Logement en colocation pour 15 personnes de 359m²,13.0,1400.0,1.0,75017,10 rue des Dames 75017 Paris FR
Logement en colocation pour 15 personnes de 359m²,18.0,1690.0,1.0,75017,10 rue des Dames 75017 Paris FR
Logement en colocation pour 15 personnes de 359m²,19.0,1690.0,1.0,75017,10 rue des Dames 75017 Paris FR
Logement entier pour 2 personnes de 70m²,70.0,1777.96,1.0,75018,"5 bis Rue Christiani, 75018 Paris, France"
Logement en colocation pour 4 personnes de 89m²,13.0,970.0,1.0,75019,181 Boulevard Macdonald 75019 Paris FR
Logement en colocation pour 4 personnes de 89m²,14.0,970.0,1.0,75019,181 Boulevard Macdonald 75019 Paris FR
Logement en colocation pour 4 personnes de 89m²,12.0,870.0,1.0,75019,181 Boulevard Macdonald 75019 Paris FR
Logement en colocation pour 4 personnes de 89m²,11.0,970.0,1.0,75019,181 Boulevard Macdonald 75019 Paris FR
Logement en colocation pour 4 personnes de 93m²,13.0,997.0,1.0,75012,"41 Rue de Wattignies, 75012 Paris, France"
Logement en colocation pour 4 personnes de 93m²,23.0,1100.0,1.0,75012,"41 Rue de Wattignies, 75012 Paris, France"
Logement en colocation pour 4 personnes de 93m²,13.0,997.0,1.0,75012,"41 Rue de Wattignies, 75012 Paris, France"
Logement en colocation pour 4 personnes de 93m²,13.0,1015.0,1.0,75012,"41 Rue de Wattignies, 75012 Paris, France"
Logement en colocation pour 10 personnes de 210m²,10.0,1124.0,1.0,75018,"60 Rue Ordener, 75018 Paris, France"
Logement en colocation pour 10 personnes de 210m²,13.0,1157.0,1.0,75018,"60 Rue Ordener, 75018 Paris, France"
Logement en colocation pour 3 personnes de 56m²,9.0,880.0,1.0,75019,8 Boulevard Sérurier 75019 Paris FR
Logement en colocation pour 3 personnes de 56m²,10.0,900.0,1.0,75019,8 Boulevard Sérurier 75019 Paris FR
Logement en colocation pour 3 personnes de 56m²,10.0,900.0,1.0,75019,8 Boulevard Sérurier 75019 Paris FR
Logement en colocation pour 14 personnes de 350m²,18.0,1310.0,1.0,75018,"24 Rue Lamarck, 75018, Paris, FR 75018 Paris FR"
Logement en colocation pour 14 personnes de 350m²,21.0,1514.0,1.0,75018,"24 Rue Lamarck, 75018, Paris, FR 75018 Paris FR"
Logement en colocation pour 14 personnes de 350m²,21.0,700.0,1.0,75018,"24 Rue Lamarck, 75018, Paris, FR 75018 Paris FR"
Logement en colocation pour 14 personnes de 350m²,17.0,1580.0,1.0,75018,"24 Rue Lamarck, 75018, Paris, FR 75018 Paris FR"
Logement en colocation pour 14 personnes de 350m²,16.0,1423.0,1.0,75018,"24 Rue Lamarck, 75018, Paris, FR 75018 Paris FR"
Logement en colocation pour 14 personnes de 350m²,18.0,1409.0,1.0,75018,"24 Rue Lamarck, 75018, Paris, FR 75018 Paris FR"
Logement en colocation pour 14 personnes de 350m²,13.0,1382.0,1.0,75018,"24 Rue Lamarck, 75018, Paris, FR 75018 Paris FR"
Logement en colocation pour 14 personnes de 350m²,16.0,1345.0,1.0,75018,"24 Rue Lamarck, 75018, Paris, FR 75018 Paris FR"
Logement en colocation pour 14 personnes de 350m²,19.0,1638.0,1.0,75018,"24 Rue Lamarck, 75018, Paris, FR 75018 Paris FR"
Logement en colocation pour 14 personnes de 350m²,15.0,1423.0,1.0,75018,"24 Rue Lamarck, 75018, Paris, FR 75018 Paris FR"
Logement en colocation pour 14 personnes de 350m²,19.0,1460.0,1.0,75018,"24 Rue Lamarck, 75018, Paris, FR 75018 Paris FR"
Logement en colocation pour 14 personnes de 350m²,22.0,1514.0,1.0,75018,"24 Rue Lamarck, 75018, Paris, FR 75018 Paris FR"
Logement en colocation pour 14 personnes de 350m²,18.0,1435.0,1.0,75018,"24 Rue Lamarck, 75018, Paris, FR 75018 Paris FR"
Logement en colocation pour 14 personnes de 350m²,16.0,1483.0,1.0,75018,"24 Rue Lamarck, 75018, Paris, FR 75018 Paris FR"
Logement en colocation pour 14 personnes de 350m²,28.0,1575.0,1.0,75018,"24 Rue Lamarck, 75018, Paris, FR 75018 Paris FR"
Logement en colocation pour 5 personnes de 105m²,9.0,1237.0,1.0,75015,"43 boulevard Garibaldi, 75015, Paris, FR 75015 Paris FR"
Logement en colocation pour 5 personnes de 105m²,13.0,630.0,1.0,75015,"43 boulevard Garibaldi, 75015, Paris, FR 75015 Paris FR"
Logement en colocation pour 5 personnes de 105m²,10.0,1237.0,1.0,75015,"43 boulevard Garibaldi, 75015, Paris, FR 75015 Paris FR"
Logement en colocation pour 5 personnes de 105m²,13.0,1237.0,1.0,75015,"43 boulevard Garibaldi, 75015, Paris, FR 75015 Paris FR"
Logement en colocation pour 5 personnes de 92m²,11.0,999.0,1.0,75020,"52 rue du Borrégo, 75020, Paris, FR 75020 Paris FR"
Logement en colocation pour 5 personnes de 92m²,11.0,650.0,1.0,75020,"52 rue du Borrégo, 75020, Paris, FR 75020 Paris FR"
Logement en colocation pour 5 personnes de 92m²,10.0,999.0,1.0,75020,"52 rue du Borrégo, 75020, Paris, FR 75020 Paris FR"
Logement en colocation pour 4 personnes de 69m²,11.0,925.0,1.0,75019,7A Avenue de la Porte des Lilas 75019 Paris FR
Logement en colocation pour 4 personnes de 69m²,9.0,885.0,1.0,75019,7A Avenue de la Porte des Lilas 75019 Paris FR
Logement en colocation pour 4 personnes de 69m²,10.0,915.0,1.0,75019,7A Avenue de la Porte des Lilas 75019 Paris FR
Logement en colocation pour 4 personnes de 69m²,9.0,885.0,1.0,75019,7A Avenue de la Porte des Lilas 75019 Paris FR
Logement entier pour 4 personnes de 52m²,52.0,1008.1,1.0,75016,"18 Rue des Belles Feuilles, 75016 Paris, France"
Logement entier pour 6 personnes de 47m²,47.0,1338.27,1.0,75018,"22 Rue Hermel, 75018 Paris, France"
Logement en colocation pour 4 personnes de 95m²,11.0,960.0,1.0,75012,11 Rue Lasson 75012 Paris FR
Logement en colocation pour 4 personnes de 95m²,20.0,950.0,1.0,75012,11 Rue Lasson 75012 Paris FR
Logement en colocation pour 4 personnes de 95m²,13.0,990.0,1.0,75012,11 Rue Lasson 75012 Paris FR
Logement en colocation pour 4 personnes de 95m²,23.0,981.0,1.0,75012,11 Rue Lasson 75012 Paris FR
Studio de 23m²,23.0,1022.46,1.0,75006,"9 Rue de Mézières, 75006 Paris, France"
Logement en colocation pour 4 personnes de 72m²,11.0,925.0,1.0,75019,7 Avenue de la Porte des Lilas 75019 Paris FR
Logement en colocation pour 4 personnes de 72m²,9.0,880.0,1.0,75019,7 Avenue de la Porte des Lilas 75019 Paris FR
Logement en colocation pour 6 personnes de 120m²,11.0,1090.0,1.0,75015,"3 Place Balard , 75015, Paris, FR 75015 Paris FR"
Logement en colocation pour 6 personnes de 120m²,9.0,1090.0,1.0,75015,"3 Place Balard , 75015, Paris, FR 75015 Paris FR"
Logement en colocation pour 6 personnes de 120m²,12.0,1090.0,1.0,75015,"3 Place Balard , 75015, Paris, FR 75015 Paris FR"
Logement en colocation pour 6 personnes de 120m²,11.0,1090.0,1.0,75015,"3 Place Balard , 75015, Paris, FR 75015 Paris FR"
Logement en colocation pour 6 personnes de 120m²,12.0,1090.0,1.0,75015,"3 Place Balard , 75015, Paris, FR 75015 Paris FR"
Logement en colocation pour 6 personnes de 120m²,13.0,1090.0,1.0,75015,"3 Place Balard , 75015, Paris, FR 75015 Paris FR"
Studio de 24m²,24.0,1240.79,1.0,75011,"14 Av. Jean Aicard, 75011 Paris, France"
Studio de 22m²,22.0,1019.45,1.0,75014,"Rue du Couëdic, 75014 Paris, France"
Logement en colocation pour 1 personne de 34m²,34.0,1209.32,1.0,75020,5 Avenue Taillade 75020 Paris FR
Studio de 25m²,25.0,1037.71,1.0,75016,"11 Bd Suchet, 75016 Paris, France"
Studio de 14m²,14.0,1085.37,1.0,75004,"24 Rue de la Verrerie, 75004 Paris, France"
Logement en colocation pour 6 personnes de 134m²,12.0,1010.0,1.0,75015,76 Rue Lecourbe 75015 Paris FR
Logement en colocation pour 6 personnes de 134m²,14.0,1010.0,1.0,75015,76 Rue Lecourbe 75015 Paris FR
Logement en colocation pour 6 personnes de 134m²,21.0,1010.0,1.0,75015,76 Rue Lecourbe 75015 Paris FR
Logement en colocation pour 6 personnes de 134m²,24.0,1100.0,1.0,75015,76 Rue Lecourbe 75015 Paris FR
Logement en colocation pour 4 personnes de 68m²,9.0,870.0,1.0,75019,7 Avenue de la Porte des Lilas 75019 Paris FR
Logement en colocation pour 4 personnes de 68m²,9.0,870.0,1.0,75019,7 Avenue de la Porte des Lilas 75019 Paris FR
Logement entier pour 4 personnes de 42m²,42.0,1452.44,1.0,75018,"18 Rue Ferdinand Flocon, 75018 Paris, France"
Studio de 35m²,35.0,1179.38,1.0,75019,"Rue de Romainville, 75019 Paris, France"
Logement en colocation pour 3 personnes de 70m²,14.0,1000.0,1.0,75018,135 Rue Clignancourt 75018 Paris FR
Logement en colocation pour 3 personnes de 70m²,22.0,1035.0,1.0,75018,135 Rue Clignancourt 75018 Paris FR
Logement en colocation pour 3 personnes de 70m²,16.0,930.0,1.0,75018,135 Rue Clignancourt 75018 Paris FR
Logement en colocation pour 4 personnes de 82m²,11.0,1080.0,1.0,75015,"14 Pl. Etienne Pernet, 75015 Paris, France"
Logement en colocation pour 4 personnes de 82m²,13.0,1140.0,1.0,75015,"14 Pl. Etienne Pernet, 75015 Paris, France"
Logement en colocation pour 4 personnes de 82m²,11.0,1120.0,1.0,75015,"14 Pl. Etienne Pernet, 75015 Paris, France"
Logement en colocation pour 4 personnes de 82m²,11.0,1080.0,1.0,75015,"14 Pl. Etienne Pernet, 75015 Paris, France"
Logement en colocation pour 4 personnes de 88m²,88.0,1853.68,1.0,75013,124 Boulevard Auguste Blanqui 75013 Paris FR
Studio de 35m²,35.0,1260.98,1.0,75005,"8 Rue des Boulangers, 75005 Paris, France"
Studio de 25m²,25.0,1407.81,1.0,75017,"125 Bd Bessières, 75017 Paris, France"
Logement entier pour 1 personne de 38m²,38.0,1328.32,1.0,75005,"11 Rue de Navarre, 75005 Paris, France"
Studio de 22m²,22.0,981.69,1.0,75116,"3 Rue Alfred Dehodencq, 75116 Paris, France"
Logement en colocation pour 6 personnes de 129m²,12.0,1070.0,1.0,75015,"42 rue Oradour sur Glanne, 75015, Paris, FR 75015 Paris FR"
Logement en colocation pour 6 personnes de 129m²,10.0,1030.0,1.0,75015,"42 rue Oradour sur Glanne, 75015, Paris, FR 75015 Paris FR"
Logement en colocation pour 6 personnes de 129m²,10.0,1030.0,1.0,75015,"42 rue Oradour sur Glanne, 75015, Paris, FR 75015 Paris FR"
Logement en colocation pour 6 personnes de 129m²,10.0,1030.0,1.0,75015,"42 rue Oradour sur Glanne, 75015, Paris, FR 75015 Paris FR"
Logement en colocation pour 6 personnes de 129m²,14.0,1100.0,1.0,75015,"42 rue Oradour sur Glanne, 75015, Paris, FR 75015 Paris FR"
Logement en colocation pour 6 personnes de 129m²,14.0,1100.0,1.0,75015,"42 rue Oradour sur Glanne, 75015, Paris, FR 75015 Paris FR"
Name,Surface,Price,Pièces,Code_postal,Lieu
